100
14604
1539
19784
1412
25898
86131
2899
69716
9932
13634
5642
2999
9258
85351
3668
1464
95142
74264
52212
68057
5881
58123
36048
9018
9803
6234
6851
45927
8746
98078
79695
45403
44777
48647
98159
35442
1658
9368
8291
4913
27728
31331
9304
9452
5175
1176
49761
4795
9816
3048
56918
37133
27617
23441
37556
17583
25844
7099
5403
83227
8213
49949
9249
6417
34623
4216
2881
5426
5783
4827
6939
9392
5146
1114
2686
8848
9379
89807
8924
87274
1234
9724
89623
2512
18817
4429
49267
10515
33891
74832
7744
13436
2741
44219
7974
3282
10234
24576
14235
5231
