100
289 396 973
512 512 1
653 635 832
676 446 885
661 824 922
1 1 1
831 977 871
412 469 676
942 438 14
644 739 548
121 260 69
804 530 196
661 356 71
149 887 87
676 875 169
207 733 58
1 5 2
2 5 2
833 954 894
4 4 4
3 4 2
698 909 427
7 8 5
4 2 2
1 1 1000
1 1 1
3 5 5
60 448 397
69 415 55
602 309 238
874 386 382
513 513 257
4 5 2
332 956 776
94 186 840
4 5 1
341 104 64
407 728 713
512 512 513
144 8 4
512 512 257
5 3 5
561 216 943
504 688 391
694 919 482
3 4 4
5 4 2
167 314 530
294 109 77
833 405 171
695 247 465
351 547 229
300 73 48
41 987 366
5 3 4
1 5 1
143 36 388
1 3 5
2 2 2
5 4 3
3 2 1
513 513 256
144 486 105
512 512 2
596 229 288
905 341 335
1000 1000 1
378 616 866
686 555 486
366 193 332
451 461 137
121 501 355
5 1 1
512 512 256
358 967 142
192 837 91
889 122 869
746 760 87
45 56 35
513 513 2
648 237 54
382 484 155
568 567 389
900 7 496
103 143 88
256 234 28
397 677 21
637 389 242
407 676 435
802 604 663
4 4 3
513 513 512
707 423 309
4 5 4
896 163 820
513 513 1
185 752 140
5 1 4
579 139 27
694 806 43
